-1.224952340126037598e+00 -1.226214694976806641e+01
-5.738655924797058105e-01 -1.165224647521972656e+01
-1.341791599988937378e-01 -1.103131580352783203e+01
-3.439913690090179443e-01 -1.019931888580322266e+01
-1.186729311943054199e+00 -1.091402339935302734e+01
-1.657848358154296875e+00 -1.124574470520019531e+01
-1.045618057250976562e+00 -1.008888721466064453e+01
-1.660540223121643066e+00 -9.800516128540039062e+00
-2.621474742889404297e+00 -1.063075351715087891e+01
-2.632377386093139648e+00 -1.010195350646972656e+01
-2.551421403884887695e+00 -9.082218170166015625e+00
-3.430755376815795898e+00 -9.316926002502441406e+00
-4.164101123809814453e+00 -9.481723785400390625e+00
-3.910168647766113281e+00 -8.524939537048339844e+00
-4.220182418823242188e+00 -7.771180629730224609e+00
-5.099809169769287109e+00 -8.280883789062500000e+00
-5.539604187011718750e+00 -8.064431190490722656e+00
-5.442945003509521484e+00 -7.072213172912597656e+00
-1.358617115020751953e+01 -1.611201524734497070e+00
-1.435382461547851562e+01 -1.499061346054077148e+00
-1.508683776855468750e+01 -7.456873059272766113e-01
-1.454332923889160156e+01 -3.257865309715270996e-01
-1.404921627044677734e+01 -6.852941215038299561e-02
-1.503278541564941406e+01 4.482222795486450195e-01
-1.541921615600585938e+01 1.102066397666931152e+00
-1.445901775360107422e+01 1.366298437118530273e+00
-1.464560317993164062e+01 2.026070117950439453e+00
-1.554482746124267578e+01 2.484749078750610352e+00
-1.526517868041992188e+01 3.060447454452514648e+00
-1.453205680847167969e+01 3.658878087997436523e+00
-1.525975418090820312e+01 4.067020416259765625e+00
-1.571551132202148438e+01 4.523022174835205078e+00
-1.482310581207275391e+01 5.095662593841552734e+00
-1.463820362091064453e+01 5.722220897674560547e+00
-1.557212734222412109e+01 5.777289390563964844e+00
-1.611674118041992188e+01 5.672745704650878906e+00
-1.671888160705566406e+01 5.287711143493652344e+00
-1.724129867553710938e+01 4.748812198638916016e+00
-1.739642143249511719e+01 4.206021308898925781e+00
-1.647620391845703125e+01 4.082767963409423828e+00
-1.684214973449707031e+01 3.745761156082153320e+00
-1.750963592529296875e+01 3.260488510131835938e+00
-1.686433029174804688e+01 2.890434980392456055e+00
-1.639292907714843750e+01 2.608344078063964844e+00
-1.728447151184082031e+01 2.274416208267211914e+00
-1.730550956726074219e+01 1.777269124984741211e+00
-1.637323570251464844e+01 1.410108804702758789e+00
-1.664653778076171875e+01 1.099183559417724609e+00
-1.743035697937011719e+01 8.582723736763000488e-01
-1.695177841186523438e+01 2.432705760002136230e-01
-1.626587867736816406e+01 -1.126244366168975830e-01
7.451650619506835938e+00 -9.937018394470214844e+00
7.006030559539794922e+00 -1.051841640472412109e+01
6.280633926391601562e+00 -1.075402832031250000e+01
6.158204555511474609e+00 -9.810856819152832031e+00
6.496298313140869141e+00 -9.526679992675781250e+00
5.600611209869384766e+00 -1.040226936340332031e+01
4.966781139373779297e+00 -1.040275669097900391e+01
5.018466472625732422e+00 -9.397926330566406250e+00
4.592710971832275391e+00 -1.001707267761230469e+01
3.856974601745605469e+00 -1.064336490631103516e+01
3.421637773513793945e+00 -9.700356483459472656e+00
3.263897657394409180e+00 -1.006788730621337891e+01
2.594462394714355469e+00 -1.076353836059570312e+01
1.623257875442504883e+00 -1.074410915374755859e+01
1.554732680320739746e+00 -1.019784641265869141e+01
1.617585539817810059e+00 -9.338897705078125000e+00
1.123808383941650391e+00 -9.423034667968750000e+00
6.297750473022460938e-01 -9.969814300537109375e+00
3.645848333835601807e-01 -9.233966827392578125e+00
1.983375549316406250e-01 -8.626231193542480469e+00
-5.501557141542434692e-02 -7.947425842285156250e+00
5.870656967163085938e-01 -6.983453750610351562e+00
3.861398696899414062e-01 -6.645591735839843750e+00
4.733280539512634277e-01 -7.757960319519042969e+00
1.197482585906982422e+00 -7.912695884704589844e+00
1.616800546646118164e+00 -6.843428134918212891e+00
1.901109337806701660e+00 -7.294054508209228516e+00
2.276364088058471680e+00 -8.268017768859863281e+00
2.922020673751831055e+00 -7.862582683563232422e+00
3.599962234497070312e+00 -7.480000495910644531e+00
4.001137733459472656e+00 -8.393737792968750000e+00
4.477864265441894531e+00 -8.491945266723632812e+00
6.190678596496582031e+00 -7.564235687255859375e+00
7.326090812683105469e+00 -7.874289512634277344e+00
9.212059974670410156e+00 -7.100232601165771484e+00
1.052495098114013672e+01 -7.469793796539306641e+00
9.137959480285644531e+00 -8.323216438293457031e+00
9.847855567932128906e+00 -7.800916671752929688e+00
1.160574913024902344e+01 -7.363758563995361328e+00
1.241304111480712891e+01 -7.739348888397216797e+00
1.310123348236083984e+01 -8.043007850646972656e+00
1.390907573699951172e+01 -7.914772510528564453e+00
1.366706466674804688e+01 -6.969469070434570312e+00
1.396977233886718750e+01 -7.255839824676513672e+00
1.486439037322998047e+01 -7.515359878540039062e+00
1.528287696838378906e+01 -6.933495998382568359e+00
1.542086982727050781e+01 -6.266406536102294922e+00
1.620240402221679688e+01 -6.755088806152343750e+00
1.696151542663574219e+01 -6.500790596008300781e+00
1.725348663330078125e+01 -5.674808025360107422e+00
1.795177841186523438e+01 -5.518261432647705078e+00
1.879537582397460938e+01 -5.601254940032958984e+00
1.939971542358398438e+01 -4.940874576568603516e+00
1.964049911499023438e+01 -4.009800434112548828e+00
2.036264419555664062e+01 -4.093414783477783203e+00
2.112320518493652344e+01 -3.898774623870849609e+00
2.135481262207031250e+01 -3.043943166732788086e+00
2.176218032836914062e+01 -2.434917926788330078e+00
2.250222206115722656e+01 -2.741362810134887695e+00
2.305147933959960938e+01 -2.065956354141235352e+00
2.341824722290039062e+01 -1.082927227020263672e+00
2.438080024719238281e+01 -8.430282026529312134e-02
2.467252540588378906e+01 6.932698488235473633e-01
2.548092460632324219e+01 1.532923877239227295e-01
2.650875663757324219e+01 9.075325131416320801e-01
2.707263565063476562e+01 8.622844815254211426e-01
2.737750625610351562e+01 4.134892821311950684e-01
2.701043701171875000e+01 1.600711233913898468e-02
2.657426834106445312e+01 -2.571192681789398193e-01
2.620108413696289062e+01 -4.386633038520812988e-01
2.621514320373535156e+01 3.268592059612274170e-01
2.564999580383300781e+01 6.530908346176147461e-01
2.559622955322265625e+01 1.453050971031188965e+00
2.502022361755371094e+01 1.658192873001098633e+00
2.480797195434570312e+01 2.296686172485351562e+00
2.555000305175781250e+01 2.654710054397583008e+00
2.615133094787597656e+01 3.020387887954711914e+00
2.578758049011230469e+01 2.881284713745117188e+00
2.498066711425781250e+01 3.282938718795776367e+00
2.520675849914550781e+01 3.935734510421752930e+00
2.596886444091796875e+01 4.295187473297119141e+00
2.557483863830566406e+01 4.749522209167480469e+00
2.482574081420898438e+01 5.175095081329345703e+00
2.550066947937011719e+01 5.615777015686035156e+00
2.603062629699707031e+01 5.941055774688720703e+00
2.547968482971191406e+01 6.448371410369873047e+00
2.535207176208496094e+01 7.318818092346191406e+00
2.480052757263183594e+01 7.236201286315917969e+00
2.410934448242187500e+01 7.451024055480957031e+00
2.419922828674316406e+01 6.677436351776123047e+00
2.454682159423828125e+01 6.002309322357177734e+00
2.408632469177246094e+01 5.868815422058105469e+00
2.352366828918457031e+01 5.502350807189941406e+00
2.381267166137695312e+01 4.558889389038085938e+00
2.406967163085937500e+01 3.986476898193359375e+00
2.313723754882812500e+01 4.231307983398437500e+00
2.282482719421386719e+01 3.184281826019287109e+00
2.331291007995605469e+01 2.120962619781494141e+00
2.311231040954589844e+01 1.293030023574829102e+00
2.190789604187011719e+01 1.070263743400573730e+00
2.233263587951660156e+01 5.920921564102172852e-01
2.286988830566406250e+01 -2.503089793026447296e-02
2.189014244079589844e+01 -7.955034375190734863e-01
2.105608558654785156e+01 -1.429429799318313599e-01
2.071269035339355469e+01 -4.114453196525573730e-01
2.087113380432128906e+01 -1.552635073661804199e+00
2.009617805480957031e+01 -2.289368391036987305e+00
1.941088485717773438e+01 -2.440171718597412109e+00
1.844411849975585938e+01 -3.516759157180786133e+00
1.800111389160156250e+01 -4.259089469909667969e+00
1.744093132019042969e+01 -3.781114339828491211e+00
1.664838790893554688e+01 -3.883669853210449219e+00
1.618840980529785156e+01 -4.660479545593261719e+00
1.565291690826416016e+01 -4.818120956420898438e+00
1.481257724761962891e+01 -4.132917881011962891e+00
1.421109771728515625e+01 -4.569731235504150391e+00
1.394027233123779297e+01 -5.444531917572021484e+00
1.321438026428222656e+01 -4.796377182006835938e+00
1.248053359985351562e+01 -4.283232212066650391e+00
1.235026931762695312e+01 -5.401140689849853516e+00
1.170187854766845703e+01 -5.909587383270263672e+00
1.122476577758789062e+01 -4.701948642730712891e+00
1.087975692749023438e+01 -5.114870071411132812e+00
1.065256595611572266e+01 -6.072485923767089844e+00
9.736989021301269531e+00 -5.902559757232666016e+00
9.846045494079589844e+00 -5.042702198028564453e+00
1.012263870239257812e+01 -4.096938610076904297e+00
1.075656795501708984e+01 -3.599259614944458008e+00
1.150215053558349609e+01 -3.281012773513793945e+00
1.180216026306152344e+01 -2.836080551147460938e+00
1.121834659576416016e+01 -1.714747428894042969e+00
1.027063560485839844e+01 -2.202063322067260742e+00
9.859875679016113281e+00 -2.781487464904785156e+00
9.667146682739257812e+00 -1.460177898406982422e+00
8.608810424804687500e+00 -9.642812013626098633e-01
7.826654911041259766e+00 -1.535943269729614258e+00
6.917738437652587891e+00 -1.264705896377563477e+00
6.328090667724609375e+00 -5.489050745964050293e-01
5.728912830352783203e+00 -9.900580644607543945e-01
4.436402797698974609e+00 -1.153259396553039551e+00
3.910581350326538086e+00 -1.847862005233764648e+00
3.132326841354370117e+00 -2.331257581710815430e+00
2.783666372299194336e+00 -1.653533697128295898e+00
2.721681594848632812e+00 -1.225392818450927734e+00
2.811894178390502930e+00 -5.710521340370178223e-01
2.906077861785888672e+00 -4.213199391961097717e-02
3.705163478851318359e+00 -7.211774587631225586e-01
4.754412174224853516e+00 -3.487354815006256104e-01
5.997663974761962891e+00 -3.694332018494606018e-02
7.307045936584472656e+00 -2.426852881908416748e-01
7.930548667907714844e+00 4.378964006900787354e-01
7.460431575775146484e+00 1.102043509483337402e+00
8.024327278137207031e+00 1.702978610992431641e+00
8.756792068481445312e+00 2.281927824020385742e+00
8.762969970703125000e+00 3.303177356719970703e+00
8.688664436340332031e+00 4.193799018859863281e+00
9.123716354370117188e+00 4.807507991790771484e+00
9.613305091857910156e+00 5.428983688354492188e+00
9.120727539062500000e+00 6.069518566131591797e+00
8.731382369995117188e+00 6.801586151123046875e+00
9.791248321533203125e+00 6.974844932556152344e+00
9.778335571289062500e+00 7.670486450195312500e+00
9.281955718994140625e+00 8.334936141967773438e+00
1.008329486846923828e+01 9.058915138244628906e+00
1.153941059112548828e+01 9.971850395202636719e+00
1.234419918060302734e+01 1.102559375762939453e+01
1.224090957641601562e+01 1.189020061492919922e+01
1.289614677429199219e+01 1.155170345306396484e+01
1.393768405914306641e+01 1.173173522949218750e+01
1.392833900451660156e+01 1.293679141998291016e+01
1.349927330017089844e+01 1.273148250579833984e+01
1.464365386962890625e+01 1.234995365142822266e+01
1.552129173278808594e+01 1.305008697509765625e+01
1.528926753997802734e+01 1.366198253631591797e+01
1.646048545837402344e+01 1.375673580169677734e+01
1.730132865905761719e+01 1.316433238983154297e+01
1.733415794372558594e+01 1.379593467712402344e+01
1.774715614318847656e+01 1.435705184936523438e+01
1.848034095764160156e+01 1.374159049987792969e+01
1.893974113464355469e+01 1.320896434783935547e+01
1.917214584350585938e+01 1.401473140716552734e+01
1.986179161071777344e+01 1.379342174530029297e+01
2.032047271728515625e+01 1.302621173858642578e+01
1.981657218933105469e+01 1.282145214080810547e+01
2.052191352844238281e+01 1.223443984985351562e+01
2.039286041259765625e+01 1.155071353912353516e+01
1.948844146728515625e+01 1.187967395782470703e+01
1.876221847534179688e+01 1.160582351684570312e+01
1.791782379150390625e+01 1.223123455047607422e+01
1.735622215270996094e+01 1.151846408843994141e+01
1.798463630676269531e+01 1.070115566253662109e+01
1.805906105041503906e+01 9.107082366943359375e+00
1.889012527465820312e+01 8.635738372802734375e+00
2.025534057617187500e+01 8.039009094238281250e+00
2.124702262878417969e+01 7.113847732543945312e+00
2.243528366088867188e+01 6.804872035980224609e+00
2.256734466552734375e+01 7.853144168853759766e+00
2.193380546569824219e+01 7.776873111724853516e+00
2.290449333190917969e+01 6.728505611419677734e+00
2.219149780273437500e+01 5.918964862823486328e+00
2.215306854248046875e+01 4.994431972503662109e+00
2.117175483703613281e+01 5.319686412811279297e+00
2.090453910827636719e+01 6.178447246551513672e+00
1.383952808380126953e+01 7.770721912384033203e+00
1.330106163024902344e+01 8.902917861938476562e+00
1.050340557098388672e+01 1.365191841125488281e+01
9.914791107177734375e+00 1.456503009796142578e+01
1.028252029418945312e+01 1.532269954681396484e+01
1.026380825042724609e+01 1.597972965240478516e+01
9.299574851989746094e+00 1.606682205200195312e+01
9.112870216369628906e+00 1.710931587219238281e+01
1.004514789581298828e+01 1.716116142272949219e+01
9.623678207397460938e+00 1.682013130187988281e+01
8.237801551818847656e+00 1.692301940917968750e+01
7.808022499084472656e+00 1.734173583984375000e+01
6.952861785888671875e+00 1.738275718688964844e+01
7.039085865020751953e+00 1.792737197875976562e+01
6.421120643615722656e+00 1.813436317443847656e+01
5.757109642028808594e+00 1.782402610778808594e+01
5.077963352203369141e+00 1.803974342346191406e+01
4.529179096221923828e+00 1.782254409790039062e+01
3.546129226684570312e+00 1.766254234313964844e+01
-5.323163032531738281e+00 1.477410411834716797e+01
-5.598065853118896484e+00 1.529277896881103516e+01
-6.513881683349609375e+00 1.469107627868652344e+01
-6.539444923400878906e+00 1.553999900817871094e+01
-6.163366794586181641e+00 1.600329208374023438e+01
-7.146584033966064453e+00 1.498690032958984375e+01
-7.705152034759521484e+00 1.514374542236328125e+01
-7.208349227905273438e+00 1.607812500000000000e+01
-7.702481269836425781e+00 1.588729953765869141e+01
-8.413458824157714844e+00 1.518402004241943359e+01
-8.688032150268554688e+00 1.433365058898925781e+01
-9.370119094848632812e+00 1.285220432281494141e+01
-9.846767425537109375e+00 1.149961948394775391e+01
-9.466772079467773438e+00 1.093586063385009766e+01
-8.877759933471679688e+00 1.156499385833740234e+01
-8.364063262939453125e+00 1.135730266571044922e+01
-8.217157363891601562e+00 1.046293449401855469e+01
-7.402004241943359375e+00 1.035790061950683594e+01
-6.609715461730957031e+00 1.050893115997314453e+01
-6.382160663604736328e+00 9.777509689331054688e+00
-5.913786411285400391e+00 9.086461067199707031e+00
-5.312677383422851562e+00 9.569068908691406250e+00
-4.531057834625244141e+00 9.538041114807128906e+00
-4.505578994750976562e+00 8.613531112670898438e+00
-4.074099540710449219e+00 8.683532714843750000e+00
-3.340067625045776367e+00 9.191952705383300781e+00
-2.689183473587036133e+00 8.645087242126464844e+00
-3.094901561737060547e+00 8.064570426940917969e+00
-3.693044424057006836e+00 7.684072971343994141e+00
-4.663087368011474609e+00 7.488055706024169922e+00
-5.493590354919433594e+00 7.693766593933105469e+00
-8.351212501525878906e+00 4.095343112945556641e+00
-8.997707366943359375e+00 3.178436040878295898e+00
-9.504451751708984375e+00 3.172036170959472656e+00
-1.009187793731689453e+01 2.720561981201171875e+00
-1.023348140716552734e+01 3.412570476531982422e+00
-9.957551956176757812e+00 4.264415264129638672e+00
-1.043567848205566406e+01 3.975675582885742188e+00
-1.103476905822753906e+01 4.026268959045410156e+00
-1.135230541229248047e+01 4.964641571044921875e+00
-1.224249935150146484e+01 6.125493526458740234e+00
-1.145662212371826172e+01 8.791835784912109375e+00
-1.239476776123046875e+01 9.310777664184570312e+00
-1.358535289764404297e+01 8.662761688232421875e+00
-1.436432647705078125e+01 8.219122886657714844e+00
-1.494482231140136719e+01 8.365484237670898438e+00
-1.542062187194824219e+01 7.966618537902832031e+00
-1.590694713592529297e+01 7.635778427124023438e+00
-1.584076976776123047e+01 6.939892292022705078e+00
-1.525654220581054688e+01 7.035192012786865234e+00
-1.467135524749755859e+01 6.771204948425292969e+00
-1.398387718200683594e+01 6.851608753204345703e+00
-1.332501792907714844e+01 7.505024909973144531e+00
-1.267793941497802734e+01 7.416907310485839844e+00
-1.135655403137207031e+01 7.637843608856201172e+00
-1.098810958862304688e+01 6.929765224456787109e+00
-1.021496105194091797e+01 6.192713737487792969e+00
-1.212963199615478516e+01 3.070231676101684570e+00
-1.190434837341308594e+01 1.534926652908325195e+00
-1.285911178588867188e+01 7.603713870048522949e-01
-1.261488151550292969e+01 -5.780110359191894531e-01
-1.257699012756347656e+01 -2.261676073074340820e+00
-1.171065330505371094e+01 -1.448259115219116211e+00
-1.164245128631591797e+01 2.424563169479370117e-01
-1.113989639282226562e+01 2.143159151077270508e+00
-1.156185436248779297e+01 3.999721288681030273e+00
-1.112493705749511719e+01 5.842112064361572266e+00
-1.196849250793457031e+01 6.710980892181396484e+00
-1.196302032470703125e+01 7.960270404815673828e+00
-1.255503463745117188e+01 8.660181999206542969e+00
-1.108337497711181641e+01 1.017457675933837891e+01
-1.012899589538574219e+01 1.245797634124755859e+01
-8.610568046569824219e+00 1.351855182647705078e+01
-7.619909763336181641e+00 1.372247219085693359e+01
-6.767149448394775391e+00 1.355167198181152344e+01
-7.141517162322998047e+00 1.289103031158447266e+01
-8.069772720336914062e+00 1.244779491424560547e+01
-7.523299217224121094e+00 1.212882518768310547e+01
-6.644701480865478516e+00 1.189388275146484375e+01
-8.744775772094726562e+00 9.213094711303710938e+00
-8.423468589782714844e+00 9.451520919799804688e+00
-7.382226943969726562e+00 9.005239486694335938e+00
-7.441022872924804688e+00 7.932666301727294922e+00
-8.354978561401367188e+00 7.281497955322265625e+00
-7.467264175415039062e+00 6.917963027954101562e+00
-6.484973430633544922e+00 6.339275360107421875e+00
-6.554659843444824219e+00 5.362622737884521484e+00
-6.883792400360107422e+00 4.537381172180175781e+00
-5.803410053253173828e+00 4.289388656616210938e+00
-4.701272964477539062e+00 3.269284725189208984e+00
-5.121147632598876953e+00 2.340826034545898438e+00
-5.641741752624511719e+00 2.170352697372436523e+00
-4.151611328125000000e+00 1.982979297637939453e+00
-3.608651161193847656e+00 7.525447607040405273e-01
-4.547975063323974609e+00 1.860139220952987671e-01
-4.347209453582763672e+00 -6.651972532272338867e-01
-3.638090848922729492e+00 -1.308039903640747070e+00
-3.436643123626708984e+00 -2.477650403976440430e+00
-3.454899072647094727e+00 -3.113915681838989258e+00
-2.456095695495605469e+00 -3.188583374023437500e+00
-2.241499662399291992e+00 -1.934944868087768555e+00
-2.898307800292968750e+00 -1.138723731040954590e+00
-2.239271402359008789e+00 -5.427473187446594238e-01
-1.126618146896362305e+00 5.148532390594482422e-01
-3.392008692026138306e-02 5.643875598907470703e-01
4.368934154510498047e+00 1.740510106086730957e+00
5.269885063171386719e+00 2.465925216674804688e+00
5.418189525604248047e+00 3.534254312515258789e+00
4.420833587646484375e+00 3.384215116500854492e+00
4.037006378173828125e+00 3.034496307373046875e+00
4.303120136260986328e+00 4.042284011840820312e+00
3.936647891998291016e+00 4.825300693511962891e+00
-4.047236442565917969e+00 5.206237316131591797e+00
-5.472041130065917969e+00 6.059946060180664062e+00
-4.386806964874267578e+00 6.151768684387207031e+00
-3.409333705902099609e+00 6.381495952606201172e+00
-4.075695991516113281e+00 1.054860877990722656e+01
-4.040944099426269531e+00 1.148928833007812500e+01
-2.666742324829101562e+00 1.187006759643554688e+01
-1.987685084342956543e+00 1.218841648101806641e+01
-3.126157999038696289e+00 1.268886184692382812e+01
-2.737110137939453125e+00 1.325905609130859375e+01
-1.573590755462646484e+00 1.371137332916259766e+01
-1.438337564468383789e+00 1.504009437561035156e+01
-1.659722805023193359e+00 1.469707107543945312e+01
-2.427425861358642578e+00 1.426651096343994141e+01
-3.059041738510131836e+00 1.485985374450683594e+01
-2.593467712402343750e+00 1.575296783447265625e+01
-2.835981845855712891e+00 1.532619476318359375e+01
-3.718215227127075195e+00 1.519587898254394531e+01
-3.838136434555053711e+00 1.600265121459960938e+01
-4.533035278320312500e+00 1.596917533874511719e+01
-3.353562593460083008e+00 1.641094398498535156e+01
-2.836067914962768555e+00 1.689559555053710938e+01
-2.215895891189575195e+00 1.670370292663574219e+01
-1.671829342842102051e+00 1.712975311279296875e+01
-1.156654715538024902e+00 1.670980644226074219e+01
-8.558823913335800171e-02 1.667640113830566406e+01
1.475591540336608887e+00 1.638142204284667969e+01
3.460990190505981445e+00 1.625767135620117188e+01
4.349541664123535156e+00 1.588557052612304688e+01
5.421883106231689453e+00 1.648709297180175781e+01
4.902608394622802734e+00 1.659329986572265625e+01
5.093431472778320312e+00 1.557213020324707031e+01
5.990627288818359375e+00 1.553086566925048828e+01
6.592869758605957031e+00 1.622319030761718750e+01
6.419475555419921875e+00 1.549281120300292969e+01
6.848457336425781250e+00 1.468258857727050781e+01
7.724813461303710938e+00 1.505101203918457031e+01
8.253577232360839844e+00 1.493748950958251953e+01
8.154234886169433594e+00 1.399518203735351562e+01
8.657625198364257812e+00 1.339158630371093750e+01
9.460656166076660156e+00 1.377266407012939453e+01
9.397761344909667969e+00 1.312769985198974609e+01
9.258455276489257812e+00 1.219623374938964844e+01
9.914884567260742188e+00 1.159753704071044922e+01
1.050292778015136719e+01 1.209305572509765625e+01
1.236586856842041016e+01 8.122132301330566406e+00
1.171181774139404297e+01 7.264139175415039062e+00
1.246839141845703125e+01 6.756000518798828125e+00
1.325446701049804688e+01 6.293409347534179688e+00
1.229752254486083984e+01 5.474261760711669922e+00
1.201058769226074219e+01 4.753910541534423828e+00
1.334476566314697266e+01 4.681689262390136719e+00
1.324226856231689453e+01 3.674355268478393555e+00
1.231401920318603516e+01 2.706269979476928711e+00
1.289830493927001953e+01 2.607162952423095703e+00
1.380406665802001953e+01 2.221925497055053711e+00
1.314386272430419922e+01 1.329253554344177246e+00
1.264802265167236328e+01 4.838199317455291748e-01
1.353489589691162109e+01 6.782413721084594727e-01
1.394414043426513672e+01 2.084177136421203613e-01
1.313349723815917969e+01 -1.334126830101013184e+00
1.311395263671875000e+01 -7.427520751953125000e-01
1.415010547637939453e+01 -4.447086751461029053e-01
1.448589801788330078e+01 3.880956470966339111e-01
1.497934532165527344e+01 1.090939760208129883e+00
1.559841918945312500e+01 8.520978093147277832e-01
1.627521514892578125e+01 7.030035257339477539e-01
1.686064910888671875e+01 1.137957453727722168e+00
1.648010063171386719e+01 1.932902455329895020e+00
1.684088706970214844e+01 1.798320055007934570e+00
1.773726272583007812e+01 2.212165355682373047e+00
1.744565773010253906e+01 3.015424728393554688e+00
1.646471214294433594e+01 3.236115932464599609e+00
1.673298645019531250e+01 3.750664949417114258e+00
1.739144515991210938e+01 4.775996208190917969e+00
1.696361160278320312e+01 5.304279804229736328e+00
1.609269714355468750e+01 5.433112621307373047e+00
1.657756614685058594e+01 6.300205707550048828e+00
1.711999130249023438e+01 7.309450626373291016e+00
1.633894920349121094e+01 7.172015666961669922e+00
1.537034034729003906e+01 6.840809345245361328e+00
1.552930355072021484e+01 7.569633483886718750e+00
1.674465370178222656e+01 8.317519187927246094e+00
1.802598762512207031e+01 7.755357265472412109e+00
1.892416954040527344e+01 7.528221130371093750e+00
1.964645576477050781e+01 6.745324611663818359e+00
2.033667755126953125e+01 7.155996799468994141e+00
1.986013031005859375e+01 5.565251827239990234e+00
1.939125251770019531e+01 4.483141422271728516e+00
1.938084793090820312e+01 2.948082685470581055e+00
1.889804649353027344e+01 2.221371412277221680e+00
1.837613105773925781e+01 1.467102408409118652e+00
1.931516265869140625e+01 1.196442723274230957e+00
1.991155815124511719e+01 7.803685069084167480e-01
1.943080902099609375e+01 2.593341749161481857e-03
1.943706893920898438e+01 -9.333783388137817383e-02
1.854400253295898438e+01 -4.167683720588684082e-01
1.902872657775878906e+01 -1.333897233009338379e+00
1.967960357666015625e+01 -1.156882882118225098e+00
1.850819206237792969e+01 -1.256001114845275879e+00
1.841064643859863281e+01 -1.991750597953796387e+00
1.779500007629394531e+01 -1.925543785095214844e+00
1.728833007812500000e+01 -1.580262303352355957e+00
1.707398223876953125e+01 -1.982496738433837891e+00
1.614059448242187500e+01 -2.198686838150024414e+00
1.488033008575439453e+01 -2.618257522583007812e+00
1.095145130157470703e+01 -4.322768449783325195e-01
1.064639472961425781e+01 5.030204653739929199e-01
1.085835742950439453e+01 2.011162042617797852e+00
1.020918750762939453e+01 2.870876550674438477e+00
6.730248451232910156e+00 3.459674835205078125e+00
6.940895557403564453e+00 4.287361145019531250e+00
7.340556144714355469e+00 5.023885726928710938e+00
6.329352855682373047e+00 4.765005588531494141e+00
5.503739833831787109e+00 4.759838104248046875e+00
6.075031280517578125e+00 5.819834709167480469e+00
5.568256855010986328e+00 6.507308006286621094e+00
4.324400424957275391e+00 6.027658939361572266e+00
3.744084835052490234e+00 6.608673095703125000e+00
3.905720472335815430e+00 8.010490417480468750e+00
3.491022586822509766e+00 7.403164386749267578e+00
2.341822862625122070e+00 7.073861122131347656e+00
2.200453519821166992e+00 8.211750030517578125e+00
2.355992794036865234e+00 8.879795074462890625e+00
1.423710584640502930e+00 7.861392974853515625e+00
6.774672269821166992e-01 8.273366928100585938e+00
9.970322251319885254e-01 9.675385475158691406e+00
9.471888542175292969e-01 9.239824295043945312e+00
6.791512668132781982e-02 8.760639190673828125e+00
-2.358490526676177979e-01 9.562311172485351562e+00
3.704787492752075195e-01 1.014494037628173828e+01
8.488548398017883301e-01 1.081558418273925781e+01
1.450061321258544922e+00 1.131310367584228516e+01
1.941824674606323242e+00 1.193974304199218750e+01
2.905907630920410156e+00 1.221047306060791016e+01
2.769705057144165039e+00 1.151452064514160156e+01
2.455353021621704102e+00 1.280537414550781250e+01
1.146329998970031738e+00 1.289361667633056641e+01
3.675274252891540527e-01 1.199378681182861328e+01
-9.018808603286743164e-01 1.177891826629638672e+01
-1.080945491790771484e+00 1.041084289550781250e+01
-2.121131181716918945e+00 1.025461387634277344e+01
-2.259899616241455078e+00 9.545964241027832031e+00
-1.448515892028808594e+00 9.130472183227539062e+00
-1.864466428756713867e+00 8.348702430725097656e+00
-1.096345186233520508e+00 8.030597686767578125e+00
-7.342376708984375000e-01 7.896518707275390625e+00
-1.899055480957031250e+00 7.446650505065917969e+00
-1.541294813156127930e+00 6.708061695098876953e+00
-7.717441320419311523e-01 6.193544864654541016e+00
-1.347336173057556152e+00 5.596224308013916016e+00
-1.982487559318542480e+00 4.931992530822753906e+00
-1.478489041328430176e+00 4.152222156524658203e+00
-1.236867666244506836e+00 3.244302511215209961e+00
-2.444730043411254883e+00 2.870698928833007812e+00
-2.820477724075317383e+00 1.912461280822753906e+00
-2.003267526626586914e+00 1.198152899742126465e+00
-1.965430974960327148e+00 2.950632572174072266e-01
-1.054832220077514648e+00 -5.229524970054626465e-01
-9.298091530799865723e-01 -1.190423011779785156e+00
2.626917362213134766e-01 -3.637970089912414551e-01
1.315231919288635254e+00 1.337489187717437744e-01
1.522663831710815430e+00 9.905763864517211914e-01
2.219569444656372070e+00 1.375541925430297852e+00
1.358388066291809082e+00 1.660180568695068359e+00
5.636534690856933594e-01 2.181255102157592773e+00
1.233089923858642578e+00 2.911278009414672852e+00
1.223507046699523926e+00 3.404214620590209961e+00
3.725585937500000000e-01 3.740099430084228516e+00
4.532887637615203857e-01 4.938644409179687500e+00
1.417029738426208496e+00 5.312852859497070312e+00
1.391449689865112305e+00 4.408410072326660156e+00
1.952822923660278320e+00 3.824006557464599609e+00
2.158637285232543945e+00 2.544066905975341797e+00
2.728381395339965820e+00 3.032499313354492188e+00
5.081432342529296875e+00 5.974877834320068359e+00
5.613019943237304688e+00 7.382416248321533203e+00
6.403809547424316406e+00 7.998042583465576172e+00
5.983990669250488281e+00 8.878135681152343750e+00
4.872272014617919922e+00 9.112189292907714844e+00
5.625733375549316406e+00 9.585642814636230469e+00
6.290252208709716797e+00 1.035617351531982422e+01
5.329085350036621094e+00 1.076161575317382812e+01
4.947834968566894531e+00 1.140810585021972656e+01
6.458449363708496094e+00 1.213642120361328125e+01
5.916147708892822266e+00 1.222051620483398438e+01
5.881537437438964844e+00 1.332522964477539062e+01
6.871467113494873047e+00 1.359166622161865234e+01
1.202190685272216797e+01 1.375352573394775391e+01
1.217217636108398438e+01 1.464245605468750000e+01
1.250664615631103516e+01 1.521974754333496094e+01
1.308974742889404297e+01 1.428631019592285156e+01
1.348038578033447266e+01 1.450782871246337891e+01
1.357027149200439453e+01 1.536048412322998047e+01
1.406139564514160156e+01 1.505632877349853516e+01
1.456381130218505859e+01 1.435143184661865234e+01
1.473304176330566406e+01 1.516006660461425781e+01
1.542325115203857422e+01 1.506278705596923828e+01
1.567243289947509766e+01 1.431170463562011719e+01
1.611060714721679688e+01 1.250531196594238281e+01
1.523077869415283203e+01 1.245684051513671875e+01
1.537884521484375000e+01 1.148851394653320312e+01
1.647803878784179688e+01 1.078495597839355469e+01
1.713021659851074219e+01 1.021876621246337891e+01
1.719814109802246094e+01 9.296022415161132812e+00
1.794432258605957031e+01 9.736026763916015625e+00
1.867232322692871094e+01 1.000611400604248047e+01
1.935365486145019531e+01 9.521194458007812500e+00
2.001046752929687500e+01 9.425850868225097656e+00
2.048548126220703125e+01 9.213319778442382812e+00
2.036675453186035156e+01 9.781289100646972656e+00
-2.469765663146972656e+01 -2.059939384460449219e+01
-2.459895133972167969e+01 -1.998475265502929688e+01
-2.419521331787109375e+01 -1.937391090393066406e+01
-2.368307495117187500e+01 -1.915296936035156250e+01
-2.358711814880371094e+01 -1.816523933410644531e+01
-2.143898200988769531e+01 -1.726963806152343750e+01
-2.109882164001464844e+01 -1.645289993286132812e+01
-2.043041801452636719e+01 -1.619689559936523438e+01
-1.961086273193359375e+01 -1.601906967163085938e+01
-1.986570167541503906e+01 -1.538235378265380859e+01
-1.951965141296386719e+01 -1.515684318542480469e+01
-1.855207824707031250e+01 -1.448511695861816406e+01
-1.785057830810546875e+01 -1.322742557525634766e+01
-1.713771438598632812e+01 -1.302920150756835938e+01
-1.655371093750000000e+01 -1.343828010559082031e+01
-1.524410343170166016e+01 -1.376946258544921875e+01
-1.341992568969726562e+01 -1.310380744934082031e+01
-1.324426746368408203e+01 -1.390535449981689453e+01
-1.153081035614013672e+01 -1.428097820281982422e+01
-1.248674392700195312e+01 -1.416206836700439453e+01
-1.438760757446289062e+01 -1.456280612945556641e+01
-1.603801536560058594e+01 -1.526691913604736328e+01
-1.687042999267578125e+01 -1.630302238464355469e+01
-1.930736541748046875e+01 -1.726488685607910156e+01
-2.040591430664062500e+01 -2.095068359375000000e+01
-2.122784042358398438e+01 -2.112179756164550781e+01
-2.327038955688476562e+01 -2.173718070983886719e+01
-2.392428016662597656e+01 -2.165715217590332031e+01
-2.385573005676269531e+01 -2.081269836425781250e+01
-2.366226196289062500e+01 -2.020146369934082031e+01
-2.305453491210937500e+01 -1.958950805664062500e+01
-2.288409423828125000e+01 -1.858422088623046875e+01
-2.240299987792968750e+01 -1.781700515747070312e+01
-2.275990676879882812e+01 -1.695625686645507812e+01
-2.235087203979492188e+01 -1.635590553283691406e+01
-2.200463676452636719e+01 -1.584972381591796875e+01
-2.267636871337890625e+01 -1.569365596771240234e+01
-2.256042289733886719e+01 -1.511587333679199219e+01
-2.201965141296386719e+01 -1.463292026519775391e+01
-2.196426200866699219e+01 -1.393342113494873047e+01
-2.151197814941406250e+01 -1.332994365692138672e+01
-2.080742645263671875e+01 -1.314177894592285156e+01
-2.016846847534179688e+01 -1.241669654846191406e+01
-2.006430435180664062e+01 -1.317430496215820312e+01
-2.051057052612304688e+01 -1.414056301116943359e+01
-1.744812011718750000e+01 -1.860102462768554688e+01
-1.790338134765625000e+01 -1.934549522399902344e+01
-1.716124153137207031e+01 -1.981149673461914062e+01
-1.729335212707519531e+01 -2.052413368225097656e+01
-1.895307922363281250e+01 -1.988851547241210938e+01
-1.962415313720703125e+01 -1.938916587829589844e+01
-2.014469337463378906e+01 -1.882644462585449219e+01
-2.092330169677734375e+01 -1.866917991638183594e+01
-2.077221298217773438e+01 -1.939876747131347656e+01
-2.119130516052246094e+01 -1.945019912719726562e+01
-2.199932479858398438e+01 -1.924482154846191406e+01
-2.184055519104003906e+01 -1.983741378784179688e+01
-2.177122306823730469e+01 -2.043942260742187500e+01
-2.212519264221191406e+01 -2.135932159423828125e+01
-2.184404563903808594e+01 -2.206634902954101562e+01
-2.183511924743652344e+01 -2.268002319335937500e+01
-2.119837188720703125e+01 -2.215928649902343750e+01
-2.054771423339843750e+01 -2.160893440246582031e+01
-1.973453521728515625e+01 -2.094549179077148438e+01
-1.875334167480468750e+01 -1.733338928222656250e+01
-1.755588340759277344e+01 -1.639308738708496094e+01
-1.707279205322265625e+01 -1.517471504211425781e+01
-1.599520969390869141e+01 -1.402228450775146484e+01
-1.606838989257812500e+01 -1.240762710571289062e+01
-1.544661140441894531e+01 -1.159498310089111328e+01
-1.502788257598876953e+01 -1.037008953094482422e+01
-1.546519851684570312e+01 -1.061356449127197266e+01
-1.450001525878906250e+01 -1.093887996673583984e+01
-1.440797233581542969e+01 -1.192666435241699219e+01
-1.496863365173339844e+01 -1.249127960205078125e+01
-1.452864265441894531e+01 -1.622059059143066406e+01
-1.387269020080566406e+01 -1.672684288024902344e+01
-1.460860443115234375e+01 -1.724698829650878906e+01
-1.483862400054931641e+01 -1.815648651123046875e+01
-1.470521545410156250e+01 -1.904805374145507812e+01
-1.402959442138671875e+01 -1.877196693420410156e+01
-1.364421844482421875e+01 -1.791636276245117188e+01
-1.302356433868408203e+01 -1.727940177917480469e+01
-1.254721450805664062e+01 -1.645197296142578125e+01
-1.171515560150146484e+01 -1.592334556579589844e+01
-1.225138664245605469e+01 -1.589472770690917969e+01
-1.244216346740722656e+01 -1.707163619995117188e+01
-1.145026206970214844e+01 -1.694105148315429688e+01
-1.071330738067626953e+01 -1.620623970031738281e+01
-1.121851444244384766e+01 -1.561401653289794922e+01
-1.190413761138916016e+01 -1.748031616210937500e+01
-1.247301673889160156e+01 -1.827406311035156250e+01
-1.342072582244873047e+01 -1.916817283630371094e+01
-1.387899875640869141e+01 -1.987730789184570312e+01
-1.456644821166992188e+01 -1.993962097167968750e+01
-1.534793090820312500e+01 -2.040026664733886719e+01
-1.604329490661621094e+01 -2.021960830688476562e+01
-1.757121467590332031e+01 -2.080839157104492188e+01
-1.812639427185058594e+01 -2.006830978393554688e+01
-1.814025878906250000e+01 -1.892101669311523438e+01
-1.745498085021972656e+01 -1.786622047424316406e+01
-1.954068565368652344e+01 -1.410036277770996094e+01
-1.911040306091308594e+01 -1.303647422790527344e+01
-1.902571868896484375e+01 -1.200694370269775391e+01
-1.794735336303710938e+01 -1.072834491729736328e+01
-1.741456985473632812e+01 -9.976875305175781250e+00
-1.681645584106445312e+01 -8.742167472839355469e+00
-1.745185470581054688e+01 -8.368487358093261719e+00
-1.750098419189453125e+01 -8.997075080871582031e+00
-1.646033859252929688e+01 -8.876876831054687500e+00
-1.620524406433105469e+01 -7.875730514526367188e+00
-1.648173141479492188e+01 -7.085225105285644531e+00
-1.615531349182128906e+01 -6.151493549346923828e+00
-1.652347755432128906e+01 -5.803999900817871094e+00
-1.668052101135253906e+01 -6.342764854431152344e+00
-1.586982727050781250e+01 -7.184344768524169922e+00
-1.406386184692382812e+01 -9.022694587707519531e+00
-1.335973072052001953e+01 -9.521882057189941406e+00
-1.273539924621582031e+01 -1.109467220306396484e+01
-1.165181159973144531e+01 -1.224472045898437500e+01
-1.095113945007324219e+01 -1.326857185363769531e+01
-9.879499435424804688e+00 -1.398643112182617188e+01
-8.957620620727539062e+00 -1.370909786224365234e+01
-8.063883781433105469e+00 -1.420881938934326172e+01
-8.066362380981445312e+00 -1.562385177612304688e+01
-7.593811035156250000e+00 -1.618904304504394531e+01
-8.702803611755371094e+00 -1.689175033569335938e+01
-9.738388061523437500e+00 -1.742337799072265625e+01
-1.054824638366699219e+01 -1.771212768554687500e+01
-1.115655231475830078e+01 -1.871166992187500000e+01
-1.230805015563964844e+01 -1.919819259643554688e+01
-1.196856307983398438e+01 -1.909090805053710938e+01
-1.107543182373046875e+01 -1.835064125061035156e+01
-1.045009231567382812e+01 -1.685864067077636719e+01
-9.807765007019042969e+00 -1.583224868774414062e+01
-9.716504096984863281e+00 -1.506340980529785156e+01
-8.649453163146972656e+00 -1.503720092773437500e+01
-7.197319984436035156e+00 -1.462883853912353516e+01
-6.353968143463134766e+00 -1.479612827301025391e+01
-5.662008285522460938e+00 -1.437901210784912109e+01
-5.686568260192871094e+00 -1.375692462921142578e+01
-4.287254333496093750e+00 -1.283489322662353516e+01
-2.866715908050537109e+00 -1.226671791076660156e+01
-2.173308134078979492e+00 -1.276501083374023438e+01
-1.859712719917297363e+00 -1.342336177825927734e+01
-2.420327901840209961e+00 -1.396767616271972656e+01
-3.018873929977416992e+00 -1.446647167205810547e+01
-3.740279674530029297e+00 -1.438194561004638672e+01
-3.988669395446777344e+00 -1.498385429382324219e+01
-4.801025867462158203e+00 -1.503140640258789062e+01
-4.685293197631835938e+00 -1.451256847381591797e+01
-4.688299179077148438e+00 -1.387933921813964844e+01
-3.828416585922241211e+00 -1.364587593078613281e+01
-3.173532962799072266e+00 -1.317661762237548828e+01
-3.282534360885620117e+00 -1.259028244018554688e+01
-4.197072982788085938e+00 -1.330246162414550781e+01
-5.238898277282714844e+00 -1.309494590759277344e+01
-6.376271247863769531e+00 -1.349417686462402344e+01
-7.411312580108642578e+00 -1.367700004577636719e+01
-8.848551750183105469e+00 -1.311442470550537109e+01
-9.716482162475585938e+00 -1.230898857116699219e+01
-1.135869884490966797e+01 -1.107601356506347656e+01
-1.256764030456542969e+01 -1.002386856079101562e+01
-1.410289096832275391e+01 -8.318850517272949219e+00
-1.502179908752441406e+01 -7.712463855743408203e+00
-1.528592681884765625e+01 -6.628207206726074219e+00
-1.517842006683349609e+01 -5.899437904357910156e+00
-1.456476020812988281e+01 -4.626799106597900391e+00
-1.393437290191650391e+01 -5.037399768829345703e+00
-1.309141254425048828e+01 -4.658343315124511719e+00
-1.333437633514404297e+01 -6.109382629394531250e+00
-1.313008117675781250e+01 -6.984613418579101562e+00
-1.382828998565673828e+01 -7.061309814453125000e+00
-1.526855278015136719e+01 -8.667111396789550781e+00
-1.606529617309570312e+01 -9.833775520324707031e+00
-1.680268478393554688e+01 -1.104059505462646484e+01
-1.740548133850097656e+01 -1.205092430114746094e+01
-1.760771179199218750e+01 -1.414993953704833984e+01
-1.812644004821777344e+01 -1.563555145263671875e+01
-1.785744667053222656e+01 -1.721115303039550781e+01
-1.869657516479492188e+01 -1.838974189758300781e+01
-1.878143119812011719e+01 -2.089751243591308594e+01
-1.960402488708496094e+01 -2.180576705932617188e+01
-2.030704116821289062e+01 -2.257421302795410156e+01
-2.085773277282714844e+01 -2.305181694030761719e+01
-2.122175407409667969e+01 -2.354294204711914062e+01
-2.168809318542480469e+01 -2.391518783569335938e+01
-2.218771171569824219e+01 -2.364801216125488281e+01
-2.274215698242187500e+01 -2.330131912231445312e+01
-2.254779243469238281e+01 -2.260998535156250000e+01
-2.309013366699218750e+01 -2.227542877197265625e+01
-2.277416419982910156e+01 -2.138522338867187500e+01
-2.280353927612304688e+01 -2.080097770690917969e+01
-2.278498840332031250e+01 -2.010393142700195312e+01
